0 0 0
4 0 0
13,86238 0 2,69656
11,30964 0 -1,273396
7,774325 0 -3,802107
2,971172 0 -6,258114
-1,101349 0 -6,625778
-4,255685 0 -5,116626
-7,279614 0 -1,07093
-7,393691 0 -0,64077
-6,220418 0 4,272631
-2,755507 0 4,895
-2,641043 0 2,685984
2,291109 0 6,778952
7,488975 0 15,24915
11,81929 0 35,14063
1,319465 0 38,46703
-7,694327 0 31,98529
-9,146902 0 9,812124
-8,440849 0 0,4523191
-4,925317 5,30609 0
-2,203959 5,618559 9,536743E-07
1,850802 6,398985 0
9,231599 7,173949 9,536743E-07
12,23845 5,512984 0
16,078 3,894391 0
11,31849 0 -4,806879
-0,5701171 0 -14,74666
-1,157674 0 -15,13935
-2,005627 0 -15,2221
-2,685987 -10,81947 0
1,235671 -14,07816 -9,536743E-07
